LAT=38.014172
LOG=23.645842
DAT=150619
TIME=OK
